=== Powerplay Kings (min 200 balls in overs 0-5) ===

         batter  pp_balls  pp_runs  pp_sr  sixes  fours  dots  dot_pct  dismissals  matches
  V Suryavanshi       272    574.0  211.0   51.0   52.0  97.0     35.7        11.0       21
  Priyansh Arya       373    678.0  181.8   43.0   73.0 125.0     33.5        22.0       31
        TM Head       582    993.0  170.6   48.0  134.0 214.0     36.8        23.0       46
        PD Salt       508    840.0  165.4   42.0  102.0 179.0     35.2        21.0       38
Abhishek Sharma       853   1387.0  162.6   76.0  160.0 307.0     36.0        34.0       67
      SP Narine       729   1174.0  161.0   72.0  143.0 299.0     41.0        48.0       71
   RD Rickelton       350    554.0  158.3   34.0   59.0 145.0     41.4        13.0       26
    YBK Jaiswal      1072   1660.0  154.9   73.0  229.0 463.0     43.2        39.0       80
       MR Marsh       550    839.0  152.5   54.0   81.0 217.0     39.5        18.0       45
 P Simran Singh       769   1152.0  149.8   52.0  142.0 316.0     41.1        30.0       62
    JM Bairstow       647    944.0  145.9   39.0  120.0 256.0     39.6        19.0       49
        PP Shaw       946   1347.0  142.4   37.0  193.0 380.0     40.2        49.0       79
      YK Pathan       256    361.0  141.0   16.0   47.0 107.0     41.8        10.0       33
        CA Lynn       553    779.0  140.9   37.0   99.0 251.0     45.4        16.0       40
        E Lewis       298    420.0  140.9   21.0   49.0 131.0     44.0        13.0       22
  Abishek Porel       274    382.0  139.4   13.0   50.0 105.0     38.3        12.0       26
  A Raghuvanshi       203    283.0  139.4   14.0   31.0  81.0     39.9         6.0       22
       V Sehwag      1160   1593.0  137.3   46.0  230.0 452.0     39.0        56.0      103
       SA Yadav       745   1017.0  136.5   35.0  138.0 322.0     43.2        20.0       81
     GJ Maxwell       318    433.0  136.2   16.0   59.0 139.0     43.7        18.0       46

Mean PP share: 28.6%