=== IPL Season-by-Season Trends ===

 season  matches  runs_per_match  avg_1st_inn  avg_2nd_inn  sixes_per_match  fours_per_match  wickets_per_match  overall_dot_pct  wides_per_match
   2008       58           309.2        161.0        148.2             10.7             29.4               10.4             36.5              7.9
   2009       57           286.9        150.3        136.1              8.9             23.2               10.9             37.6              7.7
   2010       60           314.7        164.8        149.6              9.8             28.5               10.5             34.5              8.3
   2011       73           289.8        152.4        139.3              8.8             26.2               10.1             36.9              6.9
   2012       74           303.4        157.5        145.9              9.9             25.8               10.4             35.1              6.7
   2013       76           297.4        155.9        140.7              9.0             27.0               10.9             37.2              6.3
   2014       60           315.4        163.1        152.0             11.9             26.1               10.1             35.1              6.7
   2015       59           311.1        166.3        146.9             11.7             27.3               10.6             35.0              7.6
   2016       60           314.4        162.6        151.8             10.7             27.2                9.9             33.0              7.2
   2017       59           318.4        165.8        152.3             12.0             27.3               11.1             32.8              7.2
   2018       60           331.7        172.5        159.2             14.5             27.5               11.0             33.3              7.3
   2019       60           323.9        166.7        156.6             13.1             27.6               10.7             34.5              6.6
   2020       60           323.4        169.3        153.0             12.3             26.5               10.5             33.5              7.6
   2021       60           310.6        159.3        151.1             11.5             25.9               11.2             34.8              7.7
   2022       74           329.5        171.1        158.5             14.4             27.3               11.5             35.5              9.5
   2023       74           346.9        182.6        166.5             15.2             29.4               11.6             32.6              8.5
   2024       71           365.6        189.5        176.1             17.8             30.6               11.7             31.4             10.3
   2025       74           358.4        188.8        174.0             17.6             30.6               11.2             30.9              9.4
   2026       70           369.3        191.7        180.1             19.3             31.1               11.2             31.1             10.8

Avg 1st innings 2008: 161.0
Avg 1st innings 2026: 191.7
Sixes/match 2008: 10.7
Sixes/match 2026: 19.3